#...input_file=0, list=
#
#   VizieR Astronomical Server vizier.u-strasbg.fr
#    Date: 2016-12-01T17:31:06 [V1.99+ (14-Oct-2013)]
#   In case of problem, please report to:	cds-question@unistra.fr
#
#
#Coosys	J2000:	eq_FK5 J2000
#INFO	votable-version=1.99+ (14-Oct-2013)	
#INFO	-ref=VOTx34431	
#INFO	-out.max=100000000	
#INFO	queryParameters=6	
#-oc.form=D.
#-out.max=100000000
#-c.rm=1
#-out=_RAJ
#-out=_DEJ
#-c=200.0 30.0
#
#INFO	CatalogsExamined=259	
#  259 catalogues with potential matches were examined.
#
#INFO	-c=200.000000+30.000000,rm=1.	
#

#RESOURCE=VizieR_S533928666
#Name: VizieR(2016-12-01T17:31:06)
#Title: VizieR database maintained by CDS, see http://vizier.u-strasbg.fr
#Coosys	B1950:	eq_FK4 B1950
#Table	VizieR_0:
#Name: allVizieR
#Title: all VizieR catalogues
#Column	_RAJ2000	(F8.4)	Right ascension (FK5, Equinox=J2000.0) (computed by VizieR, not part of the original data)	[ucd=pos.eq.ra]
#Column	_DEJ2000	(F8.4)	Declination (FK5, Equinox=J2000.0) (computed by VizieR, not part of the original data)	[ucd=pos.eq.dec]
_RAJ2000;_DEJ2000
deg;deg
----------;----------
199.990670;+30.010981
199.997895;+30.012845
200.002603;+30.016473
200.016978;+29.997070
200.002748;+30.016456
199.998145;+30.012878
199.990767;+30.010906
200.017078;+29.997017
200.002734;+30.016450
199.997775;+30.012923
200.011284;+30.011920
199.990673;+30.010964
199.998156;+30.000700
200.017009;+29.997045
199.990676;+30.010928
200.002808;+30.016454
200.017116;+29.996963
200.014478;+29.990598
200.017053;+29.997000
199.989787;+30.013889
199.989864;+30.005642
199.990617;+30.010992
199.997842;+30.012759
200.002753;+30.016492
200.014478;+29.990597
200.017053;+29.997000
199.989786;+30.013889
199.989864;+30.005642
199.990617;+30.010992
199.997842;+30.012758
200.002753;+30.016492
199.997958;+29.999938
199.992398;+29.986580
199.989938;+30.005515
199.990677;+30.010929
200.014773;+29.990740
200.014737;+29.999669
199.997966;+30.012770
200.002809;+30.016455
200.017117;+29.996963
199.989669;+30.013839
199.990598;+30.010916
199.997786;+30.012734
200.002796;+30.016401
200.014535;+29.990857
200.017014;+29.996943
200.017005;+29.996904
199.990598;+30.010904
200.002824;+30.016360
199.990827;+30.011036
200.017104;+29.996973
199.990827;+30.011036
199.997802;+30.012785
200.002761;+30.016491
199.990569;+30.010934
200.017010;+29.996908
199.990598;+30.010908
200.017109;+29.996960
199.990627;+30.011010
199.997841;+30.012799
200.0171006;+29.9969481
199.9905632;+30.0109985
199.9977800;+30.0127471
200.017005;+29.996904
199.990600;+30.010902
200.002821;+30.016359
199.984726;+29.997016
199.984883;+29.994387
199.984936;+29.994487
199.988662;+29.989094
199.988709;+29.989066
199.992097;+29.995717
199.992105;+29.995683
199.992399;+29.986544
199.993426;+29.993047
199.993467;+29.992986
199.996656;+29.995939
199.996659;+29.995937
199.997984;+30.000122
199.998049;+30.000064
199.998610;+29.996573
199.999556;+29.983749
200.007669;+29.988834
200.007676;+29.988896
200.008143;+29.990826
200.008186;+29.990779
200.010421;+29.988299
200.010447;+29.988423
200.011677;+29.997485
200.014565;+29.990682
200.014613;+29.990661
200.014779;+29.999639
200.017071;+29.996963
200.017076;+29.996982
200.017816;+29.995045
200.018364;+29.996898
199.986537;+30.006426
199.989740;+30.005589
199.990587;+30.010982
199.994466;+30.008249
199.997785;+30.012777
199.999774;+30.010007
200.002749;+30.016472
200.003344;+30.010209
200.006989;+30.012386
200.010619;+30.006943
199.990207;+29.986596
200.017013;+29.996836
200.014638;+29.990942
200.001902;+30.002774
200.011005;+30.005744
200.003340;+30.010325
199.990623;+30.011026
199.996720;+30.015782
199.989738;+30.005819
200.017102;+29.996969
199.990584;+30.011009
199.999549;+29.983657
199.996660;+29.995904
200.010430;+29.988365
200.014616;+29.990659
200.017090;+29.996904
200.014812;+29.999537
200.001801;+30.002609
200.010845;+30.005387
200.010620;+30.006906
199.984718;+29.996907
200.003324;+30.010148
199.990587;+30.010951
199.997790;+30.012695
199.990023;+30.013632
200.001186;+30.014003
200.001461;+30.014919
200.002772;+30.016451
199.996790;+29.996005
199.990256;+29.986498
200.001652;+30.002708
200.010648;+29.988588
200.014629;+29.990764
200.017062;+29.996941
200.010605;+29.991314
200.007833;+29.992936
200.010877;+30.005734
200.003372;+30.010362
199.990570;+30.011026
199.996508;+30.007489
199.994282;+30.015164
200.006542;+30.013313
199.984897;+29.994386
199.986321;+29.989003
199.988566;+29.989101
199.988725;+29.989069
199.992135;+29.995692
199.992292;+29.986550
199.992418;+29.986556
199.993442;+29.993047
199.996677;+29.995942
199.997994;+30.000131
199.998214;+29.985370
199.999574;+29.983748
199.999583;+29.983737
200.007694;+29.988894
200.007707;+29.988890
200.008155;+29.990825
200.010440;+29.988408
200.010459;+29.988421
200.011827;+29.997419
200.014576;+29.990676
200.014806;+29.999645
200.017098;+29.996960
200.018392;+29.996887
199.982052;+30.004596
199.989765;+30.005591
199.990604;+30.010988
199.994495;+30.008257
199.997802;+30.012766
199.999806;+30.010007
200.002769;+30.016478
200.007033;+30.012377
200.010642;+30.006947
200.00262;+30.01277
200.017070;+29.996954
199.986537;+30.006426
199.990579;+30.010983
199.994466;+30.008249
199.997778;+30.012759
199.999774;+30.010007
200.002745;+30.016474
200.003344;+30.010209
200.006989;+30.012386
200.002761;+30.016482
199.98976;+30.00560

