#...input_file=0, list=
#
#   VizieR Astronomical Server vizier.u-strasbg.fr
#    Date: 2016-12-01T17:31:47 [V1.99+ (14-Oct-2013)]
#   In case of problem, please report to:	cds-question@unistra.fr
#
#
#Coosys	J2000:	eq_FK5 J2000
#INFO	votable-version=1.99+ (14-Oct-2013)	
#INFO	-ref=VOTx43042	
#INFO	-out.max=100000000	
#INFO	queryParameters=6	
#-oc.form=D.
#-out.max=100000000
#-c.rm=1
#-out=_RA_ICRS
#-out=_DE_ICRS
#-c=200.0 30.0
#
#INFO	CatalogsExamined=259	
#  259 catalogues with potential matches were examined.
#
#INFO	-c=200.000000+30.000000,rm=1.	
#

#RESOURCE=VizieR_S533928707
#Name: VizieR(2016-12-01T17:31:47)
#Title: VizieR database maintained by CDS, see http://vizier.u-strasbg.fr
#Coosys	B1950:	eq_FK4 B1950
#Table	VizieR_0:
#Name: allVizieR
#Title: all VizieR catalogues
#Column		(F8.4)	Equinox=J-nan (computed by VizieR, not part of the original data)	[ucd=pos.eq.ra]
#Column	_1	(F8.4)	Equinox=J-nan (computed by VizieR, not part of the original data)	[ucd=pos.eq.dec]
;_1
deg;deg
----------;----------
999.000000;+99.000000
999.000000;+99.000000
999.000000;+99.000000
999.000000;+99.000000
999.000000;+99.000000
999.000000;+99.000000
999.000000;+99.000000
999.000000;+99.000000
999.000000;+99.000000
999.000000;+99.000000
999.000000;+99.000000
999.000000;+99.000000
999.000000;+99.000000
999.000000;+99.000000
999.000000;+99.000000
999.000000;+99.000000
999.000000;+99.000000
999.000000;+99.000000
999.000000;+99.000000
999.000000;+99.000000
999.000000;+99.000000
999.000000;+99.000000
999.000000;+99.000000
999.000000;+99.000000
999.000000;+99.000000
999.000000;+99.000000
999.000000;+99.000000
999.000000;+99.000000
999.000000;+99.000000
999.000000;+99.000000
999.000000;+99.000000
999.000000;+99.000000
999.000000;+99.000000
999.000000;+99.000000
999.000000;+99.000000
999.000000;+99.000000
999.000000;+99.000000
999.000000;+99.000000
999.000000;+99.000000
999.000000;+99.000000
999.000000;+99.000000
999.000000;+99.000000
999.000000;+99.000000
999.000000;+99.000000
999.000000;+99.000000
999.000000;+99.000000
999.000000;+99.000000
999.000000;+99.000000
999.000000;+99.000000
999.000000;+99.000000
999.000000;+99.000000
999.000000;+99.000000
999.000000;+99.000000
999.000000;+99.000000
999.000000;+99.000000
999.000000;+99.000000
999.000000;+99.000000
999.000000;+99.000000
999.000000;+99.000000
999.000000;+99.000000
999.0000000;+99.0000000
999.0000000;+99.0000000
999.0000000;+99.0000000
999.000000;+99.000000
999.000000;+99.000000
999.000000;+99.000000
999.000000;+99.000000
999.000000;+99.000000
999.000000;+99.000000
999.000000;+99.000000
999.000000;+99.000000
999.000000;+99.000000
999.000000;+99.000000
999.000000;+99.000000
999.000000;+99.000000
999.000000;+99.000000
999.000000;+99.000000
999.000000;+99.000000
999.000000;+99.000000
999.000000;+99.000000
999.000000;+99.000000
999.000000;+99.000000
999.000000;+99.000000
999.000000;+99.000000
999.000000;+99.000000
999.000000;+99.000000
999.000000;+99.000000
999.000000;+99.000000
999.000000;+99.000000
999.000000;+99.000000
999.000000;+99.000000
999.000000;+99.000000
999.000000;+99.000000
999.000000;+99.000000
999.000000;+99.000000
999.000000;+99.000000
999.000000;+99.000000
999.000000;+99.000000
999.000000;+99.000000
999.000000;+99.000000
999.000000;+99.000000
999.000000;+99.000000
999.000000;+99.000000
999.000000;+99.000000
999.000000;+99.000000
999.000000;+99.000000
999.000000;+99.000000
999.000000;+99.000000
999.000000;+99.000000
999.000000;+99.000000
999.000000;+99.000000
999.000000;+99.000000
999.000000;+99.000000
999.000000;+99.000000
999.000000;+99.000000
999.000000;+99.000000
999.000000;+99.000000
999.000000;+99.000000
999.000000;+99.000000
999.000000;+99.000000
999.000000;+99.000000
999.000000;+99.000000
999.000000;+99.000000
999.000000;+99.000000
999.000000;+99.000000
999.000000;+99.000000
999.000000;+99.000000
999.000000;+99.000000
999.000000;+99.000000
999.000000;+99.000000
999.000000;+99.000000
999.000000;+99.000000
999.000000;+99.000000
999.000000;+99.000000
999.000000;+99.000000
999.000000;+99.000000
999.000000;+99.000000
999.000000;+99.000000
999.000000;+99.000000
999.000000;+99.000000
999.000000;+99.000000
999.000000;+99.000000
999.000000;+99.000000
999.000000;+99.000000
999.000000;+99.000000
999.000000;+99.000000
999.000000;+99.000000
999.000000;+99.000000
999.000000;+99.000000
999.000000;+99.000000
999.000000;+99.000000
999.000000;+99.000000
999.000000;+99.000000
999.000000;+99.000000
999.000000;+99.000000
999.000000;+99.000000
999.000000;+99.000000
999.000000;+99.000000
999.000000;+99.000000
999.000000;+99.000000
999.000000;+99.000000
999.000000;+99.000000
999.000000;+99.000000
999.000000;+99.000000
999.000000;+99.000000
999.000000;+99.000000
999.000000;+99.000000
999.000000;+99.000000
999.000000;+99.000000
999.000000;+99.000000
999.000000;+99.000000
999.000000;+99.000000
999.000000;+99.000000
999.000000;+99.000000
999.000000;+99.000000
999.000000;+99.000000
999.000000;+99.000000
999.000000;+99.000000
999.000000;+99.000000
999.000000;+99.000000
999.00000;+99.00000
999.000000;+99.000000
999.000000;+99.000000
999.000000;+99.000000
999.000000;+99.000000
999.000000;+99.000000
999.000000;+99.000000
999.000000;+99.000000
999.000000;+99.000000
999.000000;+99.000000
999.000000;+99.000000
999.00000;+99.00000

